Time,Power (W),Cumulative (Wh)
00:00,0.0,0.0
01:00,0.0,0.0
02:00,0.0,0.0
03:00,0.0,0.0
04:00,0.0,0.0
05:00,0.0,0.0
06:00,0.0,0.0
07:00,78.71,78.71
08:00,78.71,157.42
09:00,78.71,236.12
10:00,78.71,314.83
11:00,78.71,393.54
12:00,49.28,442.82
13:00,56.61,499.43
14:00,56.61,556.04
15:00,56.61,612.64
16:00,56.61,669.25
17:00,56.61,725.86
18:00,0.0,725.86
19:00,0.0,725.86
20:00,0.0,725.86
21:00,0.0,725.86
22:00,0.0,725.86
23:00,0.0,725.86
TOTAL,725.86,725.86
